{
 "cells": [
  {
   "cell_type": "code",
   "execution_count": 3,
   "metadata": {},
   "outputs": [],
   "source": [
    "import torch\n",
    "from torch import nn\n",
    "import numpy as np\n",
    "import tensorflow as tf\n",
    "from tensorflow import keras\n",
    "from tensorflow.keras import layers, Model, losses"
   ]
  },
  {
   "cell_type": "code",
   "execution_count": 1,
   "metadata": {},
   "outputs": [],
   "source": [
    "x=[[0,0.359482771993786,0.197355368265001,0.0128364436609989,0.234026897283190,0.368054291343561,0.191890331174314,0.247073977603533,0.232880440869004,0.0846524751176982,0.0226593515847232,0.0174865504331219,0.142958213980467,0.108683093876046,0.170189225827371,0.249211710580130,0.0876682798011648,0.124954530924755,0.152446613696837,0.0294529649867635,0.0518995112578837,0.0779342876704123,0.0726663985817894,0.0409083166791704,0.120036638073284,0.236951319102579,0.157581260307773,0.166161942989443,0.144327540672953,0.147035989471376,0.199615225542331,0.257174008675690,0.142035485841863,0.184693587797897,0.199964234285226,0.198970835807300,0.0185940841524280,0.193343134005398,0.189695352181529,0.0562792404354850,0.188113093025005,0.408842081767895,0.372615043387121,0.366387996970435,0.327282435710365,0.251738306374373,0.0566677427019707,0.234291656233621,0.0748840625742781,0.238546480313990,0.114338190379747,0.234217721517772,0.305766395403596,0.396131935480297,0.414445869231221,0.258092560774302,0.158948149443977,0.227485234243289,0.176099825964720,0.0150886934479485,0.377499224154237,0.157258836062209,0.135714088091803,0.158297391204071,0.101599431063605,0.0506575939455339,0.175801683141355,0.276290471614947,0.118656222690023,0.230599774991868,0.101480903003994,0.258761669050418,0.213425592023902,0.157081856572252,0.305624271037395,0.368243153252696,0.149788982245823,0.0863755515680544,0.209826834113834,0.187676216065710,0.225575764943268,0.0823357036761611,0.251587512324681,0.118221985112070,0.0932140802278708,0.143170788180304,0.195304355076981,0.180705341168914,0.384515526437086,0.0696780373671805,0.164481856591643,0.197857738192601,0.0412368117947463,0.142219043088858,0.181637843578779,0.0207759787918509,0.123392274468049,0.146938676200007,0.195559104038947,0.300057126963529,0.0295827661559013,0.0638904019490817,0.0758111889221090,0.270746159317297,0.0487137367953175,0.207156310074164,0.0771476214097296,0.114406372043919,0.135878496420668,0.105898492396645,0.174323514140485,0.147600090248281,0.182846601119300,0.229137595516394,0.0845326425261537,0.251518681716954],\n",
    "[0.359482771993786,0,0.256716352413266,0.0120289454321621,0.217932875461634,0.705353352996570,0.127361998345318,0.532149778210073,0.249899900035125,0.213171490672744,0.143451462889817,0.156403437208875,0.339517725004846,0.296320698770731,0.208951287381210,0.124584034406934,0.147699133969911,0.175741367598450,0.202718029403678,0.451895446582773,0.0309589907950138,0.222916096864948,0.264407270788598,0.372527952152915,0.160003134997555,0.526806276278400,0.0876330506015033,0.242702346154483,0.179976458890956,0.156857900583574,0.335109166820509,0.164443238140262,0.256394671233267,0.371543323336447,0.203904730870626,0.143900765319156,0.0510323706610273,0.234842219937632,0.266921228169522,0.140593338292117,0.103198703088819,0.582109363644141,0.328090566134431,0.221160289671550,0.432576326957952,0.0488756120980576,0.319838584185480,0.387659226157206,0.376964699343375,0.317731366012870,0.162499826641934,0.128926637442004,0.407219071589162,0.615256011484781,0.222159002443215,0.218632201612693,0.269071411975182,0.0801917165168843,0.00410785131195922,0.265550938376286,0.0656965526367935,0.358345168805448,0.204502578391996,0.0360173706463414,0.238287945499624,0.196539660769001,0.123949855710599,0.277508213735465,0.215866846779954,0.490157984366613,0.103235584110796,0.221019555849948,0.0635151109776376,0.326961612875672,0.306351353135073,0.261305219558296,0.109398630024759,0.340326581817175,0.212209337694062,0.0485662424870558,0.244641239183722,0.0684900314161951,0.101578306313072,0.227114350105541,0.0859546152839465,0.0964676619389460,0.313530221094779,0.125937845734790,0.377389434426990,0.122184161965441,0.108362111944874,0.170603049408923,0.104732978894817,0.363741232446590,0.444815876155463,0.0986579880587893,0.127285902768287,0.144307443574751,0.237285692448183,0.0317187179318770,0.110461595736083,0.291893960896015,0.0874192990742606,0.0964374895912325,0.0981911247754913,0.259522502038230,0.179315752970367,0.307617628269417,0.201965697936619,0.148992951128012,0.143992240571434,0.134241903256204,0.0112367522476336,0.275672466280477,0.154613534185752,0.484116786199773],\n",
    "[0.197355368265001,0.256716352413266,0,0.467489094088575,0.164676088633134,0.248977289659344,0.178414450612307,0.115555508232558,0.0332132952719719,0.158289392886999,0.133378597347464,0.173654355817660,0.0486149170218534,0.0819418638394348,0.110352202291272,0.0403992096896342,0.225474582730415,0.108713127503151,0.225576405527171,0.125987950432991,0.133206924594621,0.152728028030754,0.171268855447862,0.0812791228441488,0.0892327826078700,0.0620377213516939,0.0911252698793741,0.188041700950214,0.0257163705500474,0.187597670825620,0.0380358601168252,0.226790139272367,0.335666613149949,0.235230293340826,0.114215575676395,0.157019235896332,0.0843457039020095,0.255500262954094,0.343769859304671,0.404204452103764,0.130407931487965,0.243099175327083,0.348964079677330,0.266973146594482,0.106221159623983,0.206369697108703,0.130919021112782,0.178375265359327,0.0844389391863229,0.0887721166582963,0.120993525702761,0.160639411923971,0.00566537122232821,0.100656700380857,0.300290070931949,0.0510113160721746,0.377747130185885,0.141236780723053,0.162955193543395,0.109832085491903,0.0938377773334922,0.199364606499229,0.0638816688509196,0.142190101048364,0.0984208349304035,0.137087359227683,0.0399917139168170,0.235700042941905,0.102245454336918,0.0800969865977025,0.252487230328799,0.109307911076037,0.379567777598347,0.0523809717558529,0.154020078712684,0.256196394910413,0.139236373450192,0.459183943757705,0.218108044375665,0.368217178075554,0.382460234847469,0.438062190898784,0.249691601331574,0.573548611215083,0.475770983033509,0.477415180525537,0.331657758398548,0.169713970174980,0.195824132581430,0.0619741725668651,0.224431474704934,0.140944615777403,0.137856985220815,0.137544913302778,0.163244071918083,0.0993504193866117,0.0837322018426387,0.131775556881065,0.0858509964175652,0.0901359857599829,0.0613513359829111,0.0847647805445336,0.148833321859732,0.0549243641996365,0.0409662133372804,0.0382195201203736,0.0812871843155382,0.0636209627006069,0.0681229382149656,0.157542620633342,0.130415366293823,0.185435086572733,0.153517405784706,0.128216973401452,0.0286713513964057,0.104244676185821],\n",
    "[0.0128364436609989,0.0120289454321621,0.467489094088575,0,0.308071768962794,0.239603583816781,0.121208327377938,0.181753992793484,0.175880933934273,0.229409068888291,0.0850563598781195,0.0932051815396245,0.171834879469267,0.157690945585036,0.207280084337786,0.226714090492939,0.494337112949353,0.143493694141014,0.515416887583862,0.0935421681554699,0.329646687723547,0.199895422547651,0.419713152358337,0.211180923991005,0.481927933008087,0.224513903859271,0.476957974349733,0.360657202962862,0.270803321474456,0.388872548396896,0.296987977033823,0.412772949581214,0.335760305235093,0.319925072654793,0.152535405623711,0.217757689854992,0.0872570688379161,0.310609154606407,0.234686086148459,0.450315184809054,0.322788571366407,0.0585110580775730,0.0693541965743472,0.0966055927469944,0.287704110750729,0.275192230779406,0.211475762424827,0.223247244261498,0.0731755429278982,0.180923360220940,0.0836608100215675,0.206547162217587,0.0382676519052240,0.104105600472712,0.0833673979569445,0.173706829044894,0.216819769959238,0.116934914693350,0.341310657982081,0.208453675769264,0.0611996855804509,0.280025081550557,0.397371274802279,0.218513032077251,0.310558736942945,0.292784169265393,0.257289241410202,0.108935858028831,0.269073165824156,0.378379160717809,0.483530836372399,0.227915358965267,0.163078723629520,0.182781057491798,0.0463267314236502,0.128894398658987,0.130710548595154,0.252957944693724,0.577984889589963,0.153712530283490,0.502986382416377,0.233141410866187,0.386157514620925,0.579381570254415,0.481599886015946,0.362098015149575,0.345679288384231,0.197741015778799,0.110981192708404,0.352317659412844,0.285289101905169,0.245009608513905,0.427943104047994,0.0767442001497336,0.118581160612985,0.147788615201177,0.129031353259024,0.186105862671620,0.154457860496186,0.0948697554611303,0.379614591619434,0.191008942962092,0.194728343644686,0.279861021450364,0.120796098077009,0.202118536068032,0.137556011350738,0.257232555167788,0.163521710134874,0.345304357847913,0.393379243244220,0.412336023498282,0.157473028749585,0.312965497339455,0.0263007814313436,0.0879258967585246],\n",
    "[0.234026897283190,0.217932875461634,0.164676088633134,0.308071768962794,0,0.356166471633518,0.553947688361533,0.428907089201779,0.201891772096415,0.169247184038946,0.163400590765739,0.118072826954911,0.481663011382976,0.367994476369099,0.199091502358478,0.269394904800620,0.384594493636100,0.0947401940062920,0.357859899775903,0.0959125562090639,0.277314516903486,0.379812171084893,0.160190354610787,0.215503221966639,0.339441616394776,0.186936283891693,0.0377777431315896,0.302936663993484,0.567115691572624,0.201472088169905,0.347707944441552,0.214955432216906,0.307450631297314,0.464131150103128,0.148610700386659,0.0998542025993656,0.0389594183304374,0.245054249667674,0.100328119075772,0.237051258235962,0.201674456125538,0.0816630680760101,0.0420180259399534,0.131753436510983,0.283937035969380,0.223873486709852,0.0457666775999169,0.0711379864555365,0.0680884622048507,0.397535925578833,0.330663486739750,0.193183651454905,0.291591017454363,0.213494204793678,0.123415900164507,0.154599070946796,0.263118365634595,0.111685493620880,0.112526179123193,0.0599300136624425,0.300711984729963,0.236804165833483,0.218452879635165,0.0814111950134154,0.0254067721994114,0.0792747925574531,0.0911368421288760,0.263136009458978,0.134037305200132,0.449320299224164,0.260123646082445,0.00628854292975558,0.251078757293328,0.115794757807411,0.156629212291362,0.0585409781811987,0.112613825402522,0.0605651285324806,0.280314210426359,0.186535130608611,0.105097588127740,0.193748669076618,0.436194188628570,0.144943702633892,0.110326042700636,0.0755604973860835,0.110337426832348,0.0831236882178657,0.132788423159872,0.0277413093535189,0.177742383959481,0.245159117646290,0.115937803572331,0.113821371452542,0.238655585397548,0.0932545129400855,0.195078372002041,0.137102094084719,0.0910480471558033,0.104312282147228,0.343597424100616,0.158231384019455,0.251938218702803,0.448599231948178,0.132426562776026,0.452981764141552,0.224696591338424,0.155136283465363,0.131464597166446,0.105967984877903,0.401717056293910,0.222926642361344,0.150890400324939,0.456254211747295,0.0367826027121792,0.216635051872391],\n",
    "[0.368054291343561,0.705353352996570,0.248977289659344,0.239603583816781,0.356166471633518,0,0.201486957637097,0.649561814276073,0.100112334271198,0.253978308573116,0.140226626819646,0.288490815506364,0.341348491028348,0.422802295216488,0.0820775587853625,0.115157721896510,0.215876541883549,0.104208913733919,0.363526949912285,0.321718282660960,0.181657759635550,0.0986461881241354,0.404013339049387,0.204243515020742,0.0973302122196973,0.440894402139324,0.146341449954568,0.100858780052324,0.246636099919885,0.0605202647636044,0.294670848589259,0.0640350763845379,0.361477145601239,0.411884366761763,0.0633071218606486,0.0706335462657665,0.0864676715958298,0.233503304538040,0.214158979506716,0.121283233078459,0.0654176326503116,0.513282634972723,0.289205262389124,0.0996392063696438,0.349420265973936,0.0840454925255023,0.158536555536573,0.377635371334053,0.295119158863634,0.349518322547586,0.179431568181801,0.150288385777855,0.346897685296642,0.653260394691411,0.200995356204577,0.343869768328815,0.166298762420195,0.0491279694978721,0.132290072876908,0.254840528606105,0.0805104523003069,0.304868003936407,0.175073298802914,0.0701848707481897,0.280942138992559,0.175111304294088,0.105474648387299,0.345071556545713,0.0777491935086645,0.494197156385579,0.136685796727784,0.153676738505867,0.166112152069595,0.189212050634427,0.186440063366287,0.108296747135999,0.172525343162142,0.213132632818187,0.363783617226232,0.162574060105108,0.172141902066663,0.124381062942370,0.295768803050430,0.227747979495016,0.147895455394443,0.196038485282134,0.282152053317597,0.0859097463520685,0.329669358081804,0.198219063178642,0.0641148884422581,0.0992051408930382,0.158427561087412,0.232707854764359,0.452739131183210,0.0422094829560404,0.0460792276541164,0.176797380270153,0.113649235174949,0.0341983922443225,0.111955150394929,0.206550370384057,0.119423548193070,0.190418603349150,0.0934162910883545,0.395064775230303,0.234514945816016,0.270442320954073,0.189464593369587,0.147255412864718,0.257851011304033,0.118134861991730,0.0413316149356087,0.288097400919632,0.112701154598601,0.428249181552151],\n",
    "[0.191890331174314,0.127361998345318,0.178414450612307,0.121208327377938,0.553947688361533,0.201486957637097,0,0.445217550147682,0.126351099627208,0.0339148537973588,0.308359834166532,0.245035261753727,0.478298211329704,0.353038287810909,0.328930473533049,0.261065375765957,0.211593615255423,0.317398548237376,0.222430496678352,0.163844427415897,0.357306359180837,0.397452572319754,0.109398841960927,0.274306128111697,0.137479028471769,0.295662422272235,0.130506282149206,0.422726571154798,0.456624929618549,0.331353529647377,0.341871441765366,0.224052364661072,0.286387561379064,0.381087953778171,0.0494060379568836,0.253421608511554,0.0420694963830674,0.109889636648797,0.179136280097975,0.0467076618151252,0.283262133638927,0.116753088652797,0.311258420670637,0.315633338274506,0.199719064555785,0.200636304831603,0.0858930604950284,0.0827198298856735,0.0793160640702292,0.246687188187622,0.244323094703917,0.217692954344904,0.464587689952000,0.272029456631799,0.0946974268305053,0.0709128834117620,0.214696371678824,0.406652581017892,0.323706151174284,0.170629181947354,0.240758772746268,0.226229401898455,0.382968517933453,0.241545439080363,0.0639890028391953,0.169528181124100,0.121112680703720,0.0824151618306819,0.116963857644910,0.313467149267492,0.358541545173849,0.116928901189831,0.399530000031035,0.120914234453791,0.155750519676077,0.222470237650457,0.189116423632625,0.118099083881921,0.187390770644519,0.228941015222570,0.0575301702737942,0.183848933460673,0.229291014944260,0.248777056055210,0.136691151898864,0.237021831220440,0.148575147067824,0.309878263826107,0.178442257423771,0.0656223346900005,0.266356543851552,0.247396556195881,0.240638422697405,0.182102552109654,0.207087362814726,0.131586346040033,0.0580790774895714,0.202475449415382,0.139013830917591,0.120046374984289,0.258643756330249,0.182378417553809,0.271901617995489,0.330244284064285,0.125974323148223,0.458240633025047,0.230457866094047,0.176831817829536,0.106526340973999,0.122674178499125,0.204380045505738,0.165897435776848,0.0920928745101245,0.451089441839945,0.256044802536205,0.151872048663129],\n",
    "[0.247073977603533,0.532149778210073,0.115555508232558,0.181753992793484,0.428907089201779,0.649561814276073,0.445217550147682,0,0.0163081521480072,0.272241858821871,0.144004600009247,0.155803837282860,0.529519779725053,0.660493270298256,0.100149473544823,0.0821589305518047,0.229793443402214,0.403431300647252,0.344291984437812,0.307355522129818,0.169314732486095,0.226212356737265,0.293653422739156,0.280565872608886,0.141956248634738,0.342568301324762,0.136295963302247,0.259891456259639,0.351164031719088,0.156325002744529,0.338610864787966,0.0858361629350123,0.304023770346498,0.564671449928049,0.0831297708440691,0.150913217747856,0.161131520891362,0.363034714387516,0.120650392371762,0.190885450380920,0.0774357468703917,0.446508940884274,0.0513528218930366,0.255311730972516,0.293299549469562,0.142517132052094,0.129127873056023,0.151976598284918,0.0948117734277245,0.347336801620554,0.342569429501131,0.0760730505686960,0.429835851303133,0.517575544967703,0.172521862980688,0.148800712250307,0.247104868430184,0.123342887794548,0.130904289968251,0.162894734141868,0.160440274738415,0.327536162170088,0.221085768769905,0.0408559846226477,0.163781860246858,0.0637713526411390,0.0140968715816204,0.367531781113250,0.106351673857801,0.526562660680692,0.173180761930775,0.0215450667309598,0.194995173753021,0.0955612730775877,0.104419263125543,0.0875680795786813,0.0594983899909223,0.0517666563307220,0.389347051219343,0.140354574150005,0.0570613677287551,0.139661702226024,0.203631760063699,0.145812806092795,0.180086294439308,0.0445774834885875,0.272655625378291,0.0584412306367949,0.217498685395407,0.163113294292358,0.0878847205239993,0.119634606109898,0.164701229198768,0.209866769038623,0.536282445339304,0.134514270469013,0.254269944138724,0.368108722414640,0.148732207186592,0.0291236708119074,0.181527116098969,0.216401302188335,0.132120381984078,0.156396720376190,0.188103874807833,0.589242425017067,0.176332558385684,0.322821061385614,0.213257518207995,0.153441129766401,0.372171607784400,0.335415955630151,0.0324771241657271,0.389752079622031,0.209951042119196,0.368252161247815],\n",
    "[0.232880440869004,0.249899900035125,0.0332132952719719,0.175880933934273,0.201891772096415,0.100112334271198,0.126351099627208,0.0163081521480072,0,0.179607174310866,0.506429333462805,0.395957866674359,0.194478701341468,0.147544748518216,0.154812331427084,0.234840083753353,0.231384660446230,0.0998176040386906,0.104756383700069,0.100188420399483,0.102618186570624,0.218290241976864,0.216373784765137,0.0984952025883376,0.158193149381492,0.0967844367290456,0.0877025457434696,0.0873210015689996,0.217845827643267,0.103217282202058,0.122434432245484,0.171077347769787,0.141943523797410,0.0632723439705556,0.412175200194725,0.297580315994605,0.201493727323600,0.0651157831484542,0.141307541304926,0.180564819019020,0.257213956558824,0.173944284829067,0.401075804800715,0.215204304772202,0.0349297350588505,0.159397959950840,0.122811714691060,0.222210664539513,0.290012191296931,0.0444504587206362,0.161644019373430,0.0548966699671340,0.130580612798398,0.201700743706490,0.333755927146284,0.171291933838959,0.173977821902835,0.158849841825960,0.0917089415597524,0.0539337366961340,0.177463161333500,0.214035585253294,0.177361360060666,0.103053859876246,0.154457416623564,0.0796399579037053,0.0465384733194316,0.136575532987910,0.0796351981939014,0.145829583236843,0.0779203728328736,0.238976793512912,0.282457095095997,0.0691345051792202,0.105293602631035,0.108854540843407,0.0315622943459770,0.100239003692288,0.259360405566231,0.236909205249769,0.136928065313808,0.215850265141312,0.105929681114070,0.218240154844328,0.0675762257696830,0.102002004132293,0.180549641577691,0.136937808788492,0.120007092889018,0.0605588183412141,0.0318743385019218,0.163953147938393,0.327038868449120,0.119664532389851,0.109956865381538,0.217943066941353,0.238011860145349,0.0390058713995248,0.138224136065717,0.168067583462742,0.0529486192076749,0.158341930222529,0.162467883726650,0.108355870103876,0.173624184102736,0.124595557142654,0.0997905025606208,0.129115252888944,0.110249487530060,0.133570247806774,0.135812117090321,0.0255809533809310,0.0487004901557799,0.128131818845694,0.188714852217959,0.0281805584693773],\n",
    "[0.0846524751176982,0.213171490672744,0.158289392886999,0.229409068888291,0.169247184038946,0.253978308573116,0.0339148537973588,0.272241858821871,0.179607174310866,0,0.149110690036076,0.222920344905190,0.130818953020593,0.315082060381776,0.242355198107495,0.253860439304108,0.176284036768836,0.167139231447323,0.381779892816644,0.251821860907124,0.163628231854994,0.225017851795555,0.121195861927036,0.231271647374669,0.293504446002798,0.300253305087475,0.294151653856874,0.213613782657376,0.166789601472981,0.270892173563539,0.110776925516820,0.175457459709776,0.201669003327992,0.190081767989152,0.0723572412275550,0.282373965377159,0.170147746734557,0.0362572457323786,0.288781879839948,0.328704023077190,0.158693582356844,0.179911416160402,0.134143611889744,0.0451911446641230,0.216968127645732,0.0855703639741614,0.187627437486492,0.116371869191305,0.104164007970578,0.229485952896304,0.208245910481597,0.239717806157397,0.0341531457294028,0.205909643717977,0.108214378794362,0.123592408407472,0.100306750980983,0.0162003309865093,0.136230435582329,0.103665758858092,0.270529394041160,0.0710863630387183,0.0717254658221923,0.121247934340508,0.0749181877870717,0.187231023298004,0.159233870259046,0.0178769360317250,0.162366622735205,0.279195284951583,0.214874959256500,0.0214611494094439,0.318375067840992,0.160440547994163,0.195240795871090,0.143336350213270,0.0538463421096710,0.138132157811700,0.146074222474831,0.0731763081321636,0.0715952048595963,0.328184603551114,0.267576155709760,0.0694302789777276,0.165973919522571,0.149183114641905,0.197065163538613,0.113631212810633,0.254972384721498,0.256788869045545,0.245568538753879,0.226924606096036,0.0932400470082250,0.0677397516542127,0.171987262859548,0.213239475058207,0.215217460180333,0.252770757418025,0.0768482272036428,0.0559416591989842,0.109283925894375,0.212583844247229,0.0746517820716404,0.142774799301054,0.265582898601425,0.183075839848273,0.145041232975064,0.305590715867821,0.279103601128101,0.343113531819627,0.129836749559639,0.162694076721648,0.164809757074770,0.115659315506385,0.0670889703593857,0.291427644486107],\n",
    "[0.0226593515847232,0.143451462889817,0.133378597347464,0.0850563598781195,0.163400590765739,0.140226626819646,0.308359834166532,0.144004600009247,0.506429333462805,0.149110690036076,0,0.512139431864990,0.108949220797110,0.182510295169212,0.0876922155578801,0.0445322610380323,0.166813840201517,0.0233398014541066,0.116880360886968,0.0650343204168255,0.225450386872317,0.114601085324198,0.155446904390201,0.0468680095655366,0.0566698317697126,0.131725660486461,0.0750298653745288,0.139764454025652,0.144274751515769,0.172744353940266,0.0129865063003486,0.150214577067606,0.149540555311014,0.0527183574271465,0.373094201960908,0.159526084481767,0.140754808765978,0.0243015275549284,0.119630758081667,0.127876619545365,0.578258652892175,0.0821833393164741,0.401820183958765,0.126040652650416,0.0635908676980106,0.121854166435523,0.0970295663549315,0.222274251871471,0.254170191529496,0.113537826957947,0.104555628963673,0.0567579441747291,0.270552618325890,0.255095848656330,0.127636058641552,0.232416194877240,0.293604073539009,0.126915966733834,0.193739392017149,0.154842031047767,0.232101604064431,0.174701699301389,0.137557282667469,0.159773207207023,0.155178169910389,0.159891862939841,0.101587578442939,0.0624392880189395,0.121072071652559,0.0191010879335192,0.0883015120279434,0.200489074053488,0.150260204336814,0.0235515099615315,0.0864934720494315,0.0648426906969290,0.105897273712615,0.101617373547855,0.0492597588485148,0.194378687046473,0.131659861767370,0.276584962763103,0.175767142129670,0.267339880416682,0.126634022883936,0.194506088856733,0.149789732163716,0.150943193382264,0.0144682540586100,0.204797722296918,0.199299509692402,0.148727682405607,0.151087069103005,0.140196819956713,0.0758783468299459,0.241390859810858,0.234306673654695,0.122345754165254,0.233352540055688,0.175233197568519,0.0611314792098275,0.127077089480839,0.254914823876423,0.117770042606241,0.0936287609864736,0.217382723177413,0.257316133476847,0.165214075611471,0.216430050927606,0.163894924052502,0.0703322592091425,0.0523837781398723,0.156960065894663,0.220787201420007,0.237901142444492,0.0807596642756793],\n",
    "[0.0174865504331219,0.156403437208875,0.173654355817660,0.0932051815396245,0.118072826954911,0.288490815506364,0.245035261753727,0.155803837282860,0.395957866674359,0.222920344905190,0.512139431864990,0,0.0821946204373021,0.244342510383838,0.141037620813665,0.0749342469190997,0.225886894879618,0.167717859262478,0.0960160321402629,0.0765142977024191,0.109952826256018,0.250114692746303,0.153807534512739,0.157403732149063,0.124785958630154,0.168108578213980,0.231090117018493,0.132902751174988,0.244956880328340,0.192040307929070,0.158667219149180,0.0884451190211643,0.210367303611471,0.0320252816522109,0.264066267077520,0.214779359952300,0.227026616581011,0.122373667328890,0.181856999285765,0.0836808076388101,0.380540505262785,0.148584755057650,0.311046762896060,0.296121908257792,0.173961686522599,0.0958642568728027,0.168865724367835,0.320746840569602,0.132724341268189,0.0179481127073730,0.133574528459166,0.253710294464515,0.262883933145453,0.389864171695455,0.184936652432882,0.337214248627509,0.249075102586585,0.179067552200425,0.220292477237062,0.180934051670748,0.167083650330593,0.163400867955006,0.166186598197589,0.0409491289628513,0.271452535006105,0.201707440186564,0.204828067480593,0.109391556357093,0.199966945865930,0.0291991390815534,0.214994548266573,0.213550751755702,0.245304636097859,0.0687383391209831,0.0947154953219826,0.121386402048284,0.275961017232725,0.138823652698427,0.0702329833440620,0.261304747996429,0.198019088433261,0.0409464954855437,0.103698316768578,0.0792864028618050,0.130989553768539,0.0815977423284125,0.0970973049411847,0.197861111784173,0.0783628007978878,0.0270127143275823,0.0664442741360668,0.214687865874408,0.247659180991722,0.0701178699390257,0.0994374346415691,0.0255220028325737,0.160705727427604,0.0847424877726779,0.0417510243320501,0.173722189544828,0.104785185013024,0.0429867109864519,0.170082405586162,0.137767020790980,0.160092533421175,0.212963421912139,0.187275650909902,0.0330074193876917,0.109444239294946,0.0192163791400926,0.0355062276256548,0.0460726446883423,0.0685137146609272,0.216988853236901,0.362351631733139,0.137560092109887],\n",
    "[0.142958213980467,0.339517725004846,0.0486149170218534,0.171834879469267,0.481663011382976,0.341348491028348,0.478298211329704,0.529519779725053,0.194478701341468,0.130818953020593,0.108949220797110,0.0821946204373021,0,0.655725435594387,0.238578764831967,0.167979420880098,0.232972921965640,0.390814110771875,0.306987787921116,0.214745982854704,0.146253573505690,0.377247566736802,0.121006362667853,0.440719449821201,0.324179656088991,0.411108683468890,0.182419007784920,0.375054540419893,0.386419878271708,0.388296062705577,0.621104568918643,0.312843154027372,0.357686493391669,0.596498008479256,0.0733887637317596,0.153547984060284,0.0962960276594239,0.309892071908343,0.0834832348434967,0.154548609197001,0.171705985323723,0.277569954571636,0.115499397225659,0.161006237844525,0.313767006513713,0.224436500885433,0.186574905908276,0.205970798395016,0.111336370950220,0.578452991550063,0.482847538520491,0.215491076333612,0.400616031269475,0.431221700057353,0.113362123962756,0.0885919140802067,0.0104810590727533,0.0610925948442581,0.0853739257029285,0.154735395035707,0.176610259415648,0.396293611313650,0.305153514472349,0.0844085183603512,0.0971528251895456,0.143022192588029,0.114736431586327,0.233834954802060,0.132980963723824,0.536681324928552,0.292209230805972,0.126492822261894,0.249932379122538,0.186027885801385,0.226070830508485,0.241723272345490,0.199126787191483,0.251520828887502,0.189339451511904,0.172625567820049,0.108149342438439,0.0203779624452516,0.143930459541676,0.111374350834590,0.149479810543286,0.142100250531071,0.213545344700050,0.0545651696127898,0.298269855989762,0.124476517953670,0.140816970696417,0.0787515508607797,0.0151553266319121,0.176966897941874,0.459356975921250,0.123575031884417,0.216748615851014,0.394130024055337,0.320119405708931,0.107717586276185,0.345599932155476,0.203884881848648,0.258874198742067,0.0698312527772582,0.221720922663412,0.442797231509385,0.156584777280265,0.407808720296264,0.240859794957625,0.204304947862456,0.298723969954405,0.341864311616288,0.134296961203056,0.516547035472555,0.0982253924297598,0.366627033248103],\n",
    "[0.108683093876046,0.296320698770731,0.0819418638394348,0.157690945585036,0.367994476369099,0.422802295216488,0.353038287810909,0.660493270298256,0.147544748518216,0.315082060381776,0.182510295169212,0.244342510383838,0.655725435594387,0,0.0638632961395192,0.214626089450620,0.160773151679928,0.406902581553091,0.323484859566729,0.293146509578406,0.138135077785919,0.305241164796971,0.150568409902303,0.382740293978720,0.160684465816001,0.335593231408390,0.136767734838638,0.224953218899004,0.288374657649111,0.183475302850857,0.378017023426713,0.226342639961198,0.300817028582856,0.553049370953269,0.165453686511830,0.308551671607756,0.292328506255942,0.304247274393015,0.116744944892740,0.321215441317580,0.127240181872699,0.249358993453526,0.0820822847303456,0.0172137459078538,0.164844414064194,0.207734279050549,0.150792803983669,0.0271802782850695,0.0354050769223279,0.451560955931409,0.394107272558244,0.231410791812474,0.263550021559532,0.342004664323690,0.0951028591203250,0.0617537404968929,0.133690782358867,0.129064224509354,0.0950057431558315,0.0789801583288965,0.152442977720388,0.320398978546705,0.313399147918793,0.165232621159244,0.179423014787678,0.203742541357165,0.0959991401094003,0.330794211999135,0.0981980841500811,0.453351414071541,0.187784882160070,0.146003206567883,0.208206045740400,0.0468168904729331,0.0496545335047192,0.0418537375456270,0.0732103576380458,0.178941761639916,0.169994642891021,0.169191440760541,0.153714630178944,0.115238975537280,0.140223755980675,0.0810161870965172,0.303623840104968,0.198400365131981,0.274906488153608,0.175415038273904,0.114852975115205,0.220167503512723,0.164811205277598,0.0856135355722640,0.183265569786736,0.198062243658867,0.436755565550172,0.0494653214103553,0.370544672625680,0.541675369976992,0.234558105961632,0.199304527053210,0.328927466689283,0.253315835389284,0.307557029238520,0.168888207533706,0.195829456423277,0.515241452942167,0.208659525566095,0.319826148636327,0.266579719811026,0.209372076621683,0.390177200889877,0.402095623725615,0.212714070943716,0.398015378260698,0.231425524609718,0.277505501562445],\n",
    "[0.170189225827371,0.208951287381210,0.110352202291272,0.207280084337786,0.199091502358478,0.0820775587853625,0.328930473533049,0.100149473544823,0.154812331427084,0.242355198107495,0.0876922155578801,0.141037620813665,0.238578764831967,0.0638632961395192,0,0.169228409975254,0.252243213279707,0.158852771646634,0.270739747864822,0.185131413773530,0.445692400285480,0.342487466065457,0.182332062146140,0.441592401270019,0.328923043333265,0.530524059411476,0.296415975100047,0.562154212472006,0.369183716152542,0.561570986540856,0.455929981396787,0.299940387869487,0.177376618806615,0.212008030048899,0.0932029005093797,0.197237954995739,0.139035445812722,0.0227134630200994,0.161088279740292,0.102080659011723,0.179364044483418,0.157341104628063,0.0684225842825201,0.263142759085037,0.491728868461454,0.0976241892780889,0.108943600480156,0.150367748995300,0.116104623936242,0.170254007679188,0.191551458893892,0.269177879652374,0.247718409864191,0.159423013621662,0.0920429363079405,0.256997534810933,0.202504421992829,0.257091353617600,0.192820695966236,0.318735824951969,0.109533761762001,0.295887301158422,0.501022853793405,0.384483643269818,0.234056894298065,0.126837339399432,0.171040417206823,0.174328337151621,0.426184994930078,0.278446125984955,0.532186952511617,0.316410774471311,0.303667674559446,0.350703247253901,0.144261541101137,0.231613201342738,0.260402426935443,0.209918599087445,0.309200537614444,0.0695709928789353,0.134798186476612,0.226015546469077,0.228583706971073,0.244204352228360,0.182644168100699,0.234734557295857,0.124880252148771,0.130286105094452,0.248902679602296,0.267604004558150,0.120606034869419,0.0777850019681281,0.128926262143990,0.0448923405665634,0.214575931796932,0.114659050263721,0.149833212257802,0.0754401203667291,0.409157895889267,0.0738252873336159,0.290658792410406,0.0857014121416357,0.248369636253916,0.222810871066237,0.217586401869661,0.0804901088546210,0.102523909806414,0.540579838768739,0.388700614502150,0.484418262397526,0.0733803279131710,0.146728493946585,0.143586095584534,0.323286280709983,0.174191654714596,0.414987269074274],\n",
    "[0.249211710580130,0.124584034406934,0.0403992096896342,0.226714090492939,0.269394904800620,0.115157721896510,0.261065375765957,0.0821589305518047,0.234840083753353,0.253860439304108,0.0445322610380323,0.0749342469190997,0.167979420880098,0.214626089450620,0.169228409975254,0,0.0696917674585398,0.234293279974606,0.106131791048746,0.134391795850974,0.117221092586362,0.100378094437166,0.0500930637128740,0.193767153927424,0.183090250222796,0.183171769249814,0.384150913785909,0.0848609564378854,0.219131295162323,0.203134117951257,0.0948161483388127,0.221459899211376,0.0670078392400009,0.123264157179932,0.180121843578792,0.253584029937925,0.0339577758318531,0.114211478217889,0.195997722594419,0.0743683284888671,0.311898769960305,0.103374090398306,0.206230598553179,0.146222617203435,0.147370800111981,0.104709102483630,0.201807656680207,0.112650148471920,0.122127148074416,0.240785348948407,0.165174005303195,0.0481720430023236,0.250532878614985,0.171036655342373,0.288806796609965,0.137302943560552,0.121848062594228,0.251165892104570,0.257192671191051,0.295465337225205,0.401963958905183,0.173618413368570,0.0244048089517483,0.112449112140352,0.0275177866621483,0.192319269849682,0.166544440442665,0.241410775277367,0.367903772964259,0.181988841124992,0.244912867826019,0.139798595472630,0.153985037226268,0.153913551761464,0.203020515266923,0.0494908943088474,0.0295411277228285,0.173349206832944,0.174392679451020,0.196687334507576,0.217479783275712,0.0659528862039346,0.0204348718894668,0.0829189270608205,0.164594157141492,0.0675606637235411,0.143861463366851,0.252362094682233,0.0753572021025114,0.290024064554516,0.301609848962309,0.394159588387860,0.174724336138752,0.244699865832683,0.245564801991552,0.195892348468548,0.284703469899760,0.176784263325302,0.268165817478439,0.298342351026755,0.0312573594646993,0.185927421001062,0.0972337582572146,0.159374705374648,0.235884953011590,0.114439899896376,0.00226116779837150,0.203612515495275,0.174405359690122,0.165571187039394,0.142404048119050,0.141937639631060,0.196903097199879,0.147581131570639,0.150394043774015,0.0701089740275384],\n",
    "[0.0876682798011648,0.147699133969911,0.225474582730415,0.494337112949353,0.384594493636100,0.215876541883549,0.211593615255423,0.229793443402214,0.231384660446230,0.176284036768836,0.166813840201517,0.225886894879618,0.232972921965640,0.160773151679928,0.252243213279707,0.0696917674585398,0,0.235371876763230,0.465297430966682,0.152770574173164,0.307234421545993,0.218442227765108,0.298131388032223,0.136346964297143,0.293898544076213,0.153051430955311,0.420615279895407,0.402090940315706,0.441251022826506,0.354942599315622,0.403376769476022,0.358657763661704,0.0659403917090446,0.153669502913027,0.0861176444993256,0.0917716798473276,0.150809098179334,0.282822397115655,0.100188706470010,0.372265801529717,0.160258800665371,0.101710094239166,0.0539620365231341,0.118083619939373,0.250309160153467,0.290390141197046,0.146324399427205,0.0698364277808108,0.115031184172172,0.187768173218278,0.124529353172681,0.273552061308450,0.0147224912488087,0.0708099815480595,0.136706184478321,0.156561210328654,0.205220690122180,0.165153957716209,0.0974132271407618,0.160796418705387,0.0565374206514614,0.201177223532575,0.282504136408067,0.110881020527407,0.193303481886395,0.112101403926488,0.120156631246319,0.0492730212793375,0.197847501586773,0.417619560064411,0.435867123981321,0.0982663413076033,0.186953475316837,0.0366192846423074,0.0836824664022331,0.177215973772872,0.202973942108289,0.111490898465054,0.255241910725944,0.0520379343810275,0.393435091356013,0.421248980763207,0.407374922229402,0.372620692144969,0.219424208051259,0.211743416399930,0.184050608106893,0.157108835828949,0.0626429531801823,0.0907968203906554,0.0692263016901307,0.428346520954308,0.418554827842869,0.125798225493396,0.173370854417062,0.0798492940926164,0.114755834000095,0.204786303675663,0.169564163370729,0.303978450503429,0.320884485390524,0.226758973183730,0.319842280158818,0.333810987327292,0.221082136822306,0.165505667780696,0.307466809913187,0.139766798648931,0.0465431942249307,0.110746424854476,0.237242043960129,0.240182975397910,0.157203013987045,0.206274740370627,0.237694029863551,0.0805238733119961],\n",
    "[0.124954530924755,0.175741367598450,0.108713127503151,0.143493694141014,0.0947401940062920,0.104208913733919,0.317398548237376,0.403431300647252,0.0998176040386906,0.167139231447323,0.0233398014541066,0.167717859262478,0.390814110771875,0.406902581553091,0.158852771646634,0.234293279974606,0.235371876763230,0,0.0984940117163095,0.287436859402973,0.177690701597862,0.0979937355625190,0.138455396081323,0.285180588531806,0.169971941017345,0.231712042374111,0.193911161924697,0.392634813654993,0.151923189563963,0.328962292662472,0.391707987576360,0.256075411986551,0.0685676700456361,0.357223975748932,0.180411585876701,0.107806826532067,0.165914975478517,0.214733056155146,0.152213257649016,0.258302876669748,0.194340133355281,0.204477362834221,0.0932002069429570,0.301725604960786,0.247845672885973,0.249487682713406,0.131060925540056,0.170859809537353,0.0351047384435547,0.194441080204469,0.182180524818439,0.153541856002330,0.238093899332443,0.156139931089621,0.0497168416015118,0.238021185446964,0.111031639182619,0.190284610305589,0.159786277027880,0.0530359198281836,0.225149592323669,0.306258966165084,0.352073613648815,0.222171080152401,0.273407297870970,0.216540224097087,0.207987867528333,0.231745178000483,0.290700851778145,0.332439684098690,0.443018543055297,0.245641611180021,0.269498658450228,0.0431371482321702,0.0773555216101238,0.0676845914078043,0.178192514686207,0.0455038278866155,0.0572797589062085,0.165376656219108,0.0922581386419947,0.0641502496013831,0.00791130239008261,0.130058360975691,0.0785671745350046,0.192309810060917,0.307162282493694,0.103218867293679,0.148706516296045,0.140009991925810,0.0252058115632111,0.332232140369943,0.231994492228326,0.121448135037719,0.409820465512524,0.234809489028108,0.301565451941485,0.320344946803532,0.266617300193847,0.142224055734887,0.281167769048369,0.0690004074527013,0.186683452547757,0.0270665038991331,0.348727870715417,0.286798282100098,0.210438785379795,0.313113559282265,0.112865063595268,0.121904718178814,0.325327897195327,0.372777549772832,0.0753996641043718,0.235288243512873,0.441318498631140,0.169265227951546],\n",
